5
16
5162 3
9183 3
9984 3
10365 3
10604 4
11405 3
12646 5
16887 7
16888 22
16908 5
19829 3
20290 4
21568 3
21570 5
21711 3
22991 3
18
5162 3
5503 3
6262 3
6542 3
6622 4
6902 2
6924 5
6963 4
8344 5
8563 2
8843 3
9183 3
9984 3
10365 3
10604 4
11405 3
12646 5
16887 7
21
5162 3
5503 3
6262 3
6542 3
6622 4
6902 2
6924 5
6963 4
8344 5
10604 4
11405 3
12646 5
16887 7
16888 22
16908 5
19829 3
20290 4
21568 3
21570 5
21711 3
22991 3
13
5162 3
5503 3
6262 3
6542 3
6622 4
6902 2
10604 4
11405 3
12646 5
16887 7
16888 22
16908 5
19829 3
15
5503 3
6262 3
6542 3
6902 2
6924 5
8344 5
8563 2
9183 3
10365 3
11405 3
16888 22
19829 3
21568 3
21711 3
22991 3
